0 0.274888 0.766206 0.337828 0.743569 0.373099 0.917907 0.31016 0.940544
0 0.572085 0.782341 0.548611 0.822016 0.48739 0.757622 0.510864 0.717946
0 0.132986 0.715766 0.101274 0.685238 0.166527 0.564733 0.198239 0.595261
0 0.59543 0.605014 0.556726 0.627396 0.484605 0.405686 0.523309 0.383303
0 0.273611 0.434516 0.30317 0.461673 0.25196 0.560767 0.222401 0.53361
0 0.341453 0.250636 0.307986 0.301183 0.174616 0.1442 0.208082 0.0936533
0 0.457986 0.203266 0.429963 0.238508 0.315886 0.0772444 0.343909 0.0420029
0 0.704861 0.45535 0.656784 0.511785 0.44264 0.187464 0.490717 0.131029
0 0.85914 0.501035 0.841719 0.560438 0.744332 0.509664 0.761753 0.450262
0 0.737839 0.906869 0.709549 0.934517 0.648133 0.822793 0.676423 0.795146
0 0.737217 0.691458 0.764993 0.657506 0.824113 0.743491 0.796337 0.777443
0 0.876343 0.413819 0.843531 0.413544 0.844317 0.246881 0.877129 0.247156
0 0.671233 0.144963 0.699247 0.114494 0.750989 0.19907 0.722975 0.229539
