0 0.4516 0.525049 0.406877 0.534761 0.369703 0.230438 0.414426 0.220726
0 0.508307 0.342327 0.501554 0.294006 0.631723 0.261664 0.638476 0.309985
0 0.465828 0.14598 0.441725 0.165304 0.409519 0.0938858 0.433623 0.0745624
0 0.32084 0.501819 0.312937 0.539166 0.189572 0.492758 0.197475 0.455411
0 0.600233 0.412524 0.599647 0.446672 0.535832 0.444725 0.536418 0.410577
0 0.452581 0.669951 0.413855 0.65541 0.434549 0.557433 0.473274 0.571974
0 0.710564 0.605462 0.712674 0.6491 0.579971 0.660504 0.577862 0.616866
0 0.32195 0.735912 0.325174 0.776183 0.247148 0.787288 0.243924 0.747016
0 0.505268 0.735594 0.504476 0.696025 0.565391 0.693855 0.566184 0.733424
0 0.610191 0.772303 0.625174 0.80535 0.58024 0.841564 0.565258 0.808517
0 0.705146 0.868467 0.706424 0.828266 0.806139 0.833899 0.804861 0.8741
0 0.390466 0.907322 0.347049 0.884517 0.385025 0.755979 0.428443 0.778784
0 0.430647 0.930162 0.445486 0.957433 0.401515 0.999968 0.386676 0.972696
