0 0.665137 0.669244 0.672266 0.742164 0.412018 0.787394 0.40489 0.714474
0 0.290963 0.897521 0.251531 0.878871 0.301688 0.690343 0.34112 0.708993
0 0.223116 0.496374 0.198082 0.484533 0.232561 0.354946 0.257595 0.366787
0 0.0785037 0.516999 0.059256 0.48616 0.128426 0.409411 0.147674 0.44025
0 0.361506 0.402321 0.354981 0.353329 0.49397 0.320418 0.500495 0.36941
0 0.405182 0.317327 0.377154 0.308481 0.394627 0.210058 0.422655 0.218904
0 0.531792 0.158774 0.518391 0.200883 0.381745 0.123577 0.395145 0.0814676
0 0.644452 0.377618 0.647392 0.323593 0.734663 0.332036 0.731723 0.38606
0 0.696578 0.449576 0.695807 0.498577 0.617298 0.496381 0.618069 0.447381
0 0.728804 0.660311 0.695872 0.678543 0.667564 0.587642 0.700495 0.56941
0 0.716494 0.987126 0.695999 0.895542 0.801267 0.853664 0.821762 0.945248
0 0.467257 0.591636 0.45909 0.636175 0.384516 0.611866 0.392682 0.567327
0 0.558205 0.179267 0.536955 0.147401 0.583933 0.09171 0.605182 0.123577
