0 0.455289 0.91862 0.416269 0.921026 0.40912 0.714997 0.448141 0.71259
0 0.252257 0.58362 0.278299 0.613683 0.213419 0.713596 0.187378 0.683534
0 0.43436 0.409996 0.429861 0.45535 0.2717 0.427455 0.2762 0.382102
0 0.635259 0.268757 0.578156 0.23315 0.625174 0.0990997 0.682277 0.134706
0 0.623518 0.334253 0.623703 0.392586 0.529954 0.393113 0.529769 0.33478
0 0.283179 0.315812 0.259055 0.249462 0.507299 0.0890002 0.531424 0.15535
0 0.531723 0.214473 0.548611 0.25535 0.483843 0.30292 0.466955 0.262044
0 0.318924 0.603266 0.301257 0.563304 0.426726 0.464695 0.444393 0.504657
0 0.658238 0.534585 0.656424 0.576183 0.581401 0.570365 0.583215 0.528767
0 0.531856 0.523597 0.511339 0.496279 0.551532 0.442615 0.572049 0.469933
0 0.81527 0.650011 0.793924 0.6866 0.706592 0.59602 0.727938 0.559432
0 0.486111 0.794933 0.470563 0.765691 0.535523 0.70429 0.551071 0.733532
0 0.764722 0.801801 0.756224 0.846005 0.682928 0.820954 0.691426 0.77675
