0 0.638626 0.174117 0.610502 0.174438 0.609792 0.0640258 0.637916 0.0637045
0 0.731393 0.110657 0.768371 0.102345 0.785775 0.239986 0.748797 0.248298
0 0.480931 0.439313 0.465926 0.366044 0.58021 0.324435 0.595216 0.397704
0 0.429985 0.570975 0.397647 0.58678 0.34562 0.397531 0.377958 0.381726
0 0.108993 0.196731 0.12709 0.162762 0.251926 0.280995 0.233829 0.314964
0 0.14269 0.450331 0.17689 0.442616 0.190198 0.547495 0.155998 0.55521
0 0.275605 0.528416 0.329043 0.518094 0.37211 0.914472 0.318672 0.924794
0 0.583584 0.678447 0.550484 0.719686 0.440538 0.562806 0.473638 0.521566
0 0.577989 0.898586 0.564834 0.938863 0.486766 0.893535 0.49992 0.853258
0 0.574209 0.551363 0.589265 0.51491 0.671864 0.575559 0.656808 0.612013
0 0.742996 0.647853 0.793044 0.635081 0.810768 0.758545 0.76072 0.771318
0 0.784155 0.52437 0.815639 0.506568 0.846054 0.602199 0.814569 0.620001
0 0.826032 0.510315 0.839981 0.475498 0.895044 0.514719 0.881094 0.549536
