0 0.399701 0.350617 0.376879 0.357731 0.361584 0.270499 0.384406 0.263386
0 0.337674 0.172016 0.315692 0.162022 0.336048 0.0824298 0.35803 0.0924245
0 0.3249 0.38893 0.312674 0.419933 0.23058 0.362376 0.242807 0.331374
0 0.185191 0.593032 0.157775 0.585258 0.172758 0.491326 0.200174 0.4991
0 0.384472 0.45879 0.402894 0.49717 0.290634 0.592964 0.272212 0.554584
0 0.537463 0.306127 0.503571 0.290192 0.530071 0.189989 0.563963 0.205924
0 0.681424 0.507433 0.636095 0.486233 0.668138 0.364433 0.713467 0.385633
0 0.368991 0.671948 0.382869 0.707701 0.319452 0.751466 0.305573 0.715713
0 0.642887 0.209548 0.659672 0.174836 0.70872 0.217001 0.691935 0.251712
0 0.480789 0.46928 0.506424 0.440766 0.58754 0.570414 0.561905 0.598927
0 0.50307 0.62232 0.498611 0.665767 0.422489 0.651877 0.426949 0.60843
0 0.607136 0.807739 0.613049 0.754655 0.748274 0.781432 0.742361 0.834516
0 0.568426 0.796115 0.579856 0.850459 0.343924 0.938683 0.332493 0.884339
