0 0.45987 0.0985766 0.463638 0.0502456 0.546775 0.0617696 0.543007 0.110101
0 0.393162 0.224194 0.37862 0.26316 0.298518 0.210015 0.31306 0.17105
0 0.256745 0.215243 0.277034 0.297868 0.152949 0.352035 0.13266 0.269411
0 0.158705 0.512865 0.140941 0.454083 0.238936 0.401437 0.2567 0.46022
0 0.342863 0.632133 0.36159 0.683822 0.262367 0.747732 0.24364 0.696042
0 0.745335 0.77268 0.720808 0.840243 0.439356 0.658596 0.463884 0.591033
0 0.656985 0.412301 0.702887 0.392361 0.755708 0.608533 0.709806 0.628472
0 0.332073 0.486729 0.323932 0.440243 0.412936 0.412536 0.421076 0.459022
0 0.527136 0.280572 0.544757 0.228982 0.691736 0.318229 0.674115 0.369818
0 0.795868 0.438532 0.763139 0.441648 0.756684 0.321122 0.789413 0.318005
0 0.960042 0.566755 0.944245 0.60691 0.837823 0.532482 0.85362 0.492327
0 0.347018 0.772542 0.376133 0.804724 0.331238 0.87693 0.302123 0.844747
0 0.426939 0.556418 0.432839 0.504332 0.609796 0.539969 0.603896 0.592055
