0 0.802604 0.270576 0.768637 0.286091 0.743238 0.187233 0.777205 0.171718
0 0.663542 0.266409 0.63552 0.295411 0.575569 0.192434 0.60359 0.163432
0 0.154167 0.15391 0.147371 0.100734 0.275272 0.0716775 0.282067 0.124853
0 0.447495 0.407061 0.411097 0.388155 0.478026 0.159091 0.514424 0.177997
0 0.427792 0.222672 0.401719 0.191796 0.483854 0.0684928 0.509927 0.0993687
0 0.192489 0.524762 0.245197 0.562326 0.189282 0.701806 0.136574 0.664243
0 0.30079 0.402781 0.273594 0.36282 0.339724 0.282812 0.36692 0.322773
0 0.680522 0.465415 0.693229 0.514326 0.603904 0.555585 0.591196 0.506674
0 0.375209 0.503181 0.397917 0.541409 0.315225 0.628731 0.292518 0.590503
0 0.33227 0.814839 0.347917 0.864326 0.1595 0.970235 0.143853 0.920747
0 0.909728 0.867741 0.899479 0.953909 0.550156 0.880049 0.560404 0.793881
0 0.611203 0.554281 0.593229 0.620576 0.40869 0.531629 0.426664 0.465333
0 0.799479 0.533076 0.830042 0.619707 0.709367 0.695394 0.678804 0.608763
