175.9285602700975 367.7790929550877 216.20962181381563 356.91311036163614 238.78323972990248 440.5953070449123 198.50217818618435 451.4612896383639 bolt 0
366.1345620163973 375.52387247244803 351.11115607793505 394.5679021473403 311.92943798360267 363.65832752755193 326.9528439220649 344.61429785265966 bolt 0
85.11109252377858 343.5678185255564 64.8153080501553 328.9144159022668 106.57710747622141 271.07198147444365 126.8728919498447 285.72538409773324 bolt 0
381.0751439454577 290.40670837807994 356.3046912311277 301.15029587607825 310.14705605454236 194.72909162192008 334.9175087688723 183.98550412392177 bolt 0
175.11109524229997 208.56791677849992 194.0289447316201 221.60323981628574 161.25430475770006 269.1682832215001 142.33645526837992 256.13296018371426 bolt 0
218.5297425219762 120.30516006204027 197.11111387118464 144.5678333592986 111.75405747802378 69.21623993795973 133.17268612881534 44.95356664070141 bolt 0
293.111154068068 97.5678663621219 275.17640118688047 114.48382222576544 202.16704593193202 37.07733363787809 220.10179881311956 20.161377774234552 bolt 0
451.11106141054074 218.56793906944026 420.34146542896156 245.6567853012455 283.2895385894593 89.98266093055972 314.0591345710385 62.89381469875448 bolt 0
549.849530899608 240.49698167055539 538.7003615062429 269.01011441667873 476.372669100392 244.63881832944463 487.52183849375706 216.12568558332129 bolt 0
472.21706558597225 435.297126453015 454.1111302187069 448.5679495788202 414.8049344140278 394.9408735469851 432.9108697812932 381.67005042117984 bolt 0
471.81859383105143 331.89966705906846 489.5952357111614 315.60282904808236 527.4324061689485 356.8757329409315 509.65576428883855 373.17257095191763 bolt 0
560.8594542091423 198.6331122920116 539.8598691026341 198.5011071613529 540.3627457908576 118.50268770798843 561.3623308973658 118.63469283864711 bolt 0
429.5891812634168 69.58212877191184 447.5181697410154 54.957286090360164 480.63301873658327 95.55367122808815 462.70403025898463 110.17851390963983 bolt 0
