289.02399978903503 252.0234664411327 260.4011580754347 256.6853257524139 236.60960021096497 110.61013355886729 265.2324419245653 105.94827424758608 bolt 0
325.3167566954986 164.31679339909226 320.99468317870105 141.12265180955723 404.30244330450137 125.59880660090772 408.6245168212989 148.79294819044276 bolt 0
298.13002176233846 70.0706380410343 282.7037202648932 79.34583195328852 262.0921782376616 45.0651619589657 277.51847973510684 35.78996804671148 bolt 0
205.3376369391648 240.873329853183 200.27980228020195 258.79987680240316 121.32596306083516 236.52367014681698 126.38379771979803 218.59712319759683 bolt 0
384.14893860529594 198.01163491215505 383.77386980229994 214.40234412173533 342.932261394704 213.46776508784495 343.3073301977 197.07705587826467 bolt 0
289.65152734423236 321.57627395715656 264.867318045975 314.59682034672426 278.11107265576766 267.5679260428434 302.895281954025 274.5473796532757 bolt 0
454.7610904067941 290.6216813516893 456.1110965570624 311.5679218135058 371.1815095932059 317.04171864831073 369.83150344293756 296.09547818649423 bolt 0
206.04773793195912 353.23759710269474 208.11108449499025 372.56788652036323 158.17446206804087 377.8982028973053 156.11111550500974 358.5679134796368 bolt 0
323.3717835922649 353.08532003527125 322.8643287326011 334.0920978345649 361.85041640773517 333.05047996472877 362.35787126739893 352.0437021654351 bolt 0
390.5225346083594 370.7052614296022 400.111107012398 386.5679232334266 371.35386539164057 403.9509385703978 361.765292987602 388.0882767665734 bolt 0
451.2935556000332 416.864083657482 452.11109647276317 397.56789467697564 515.9286443999669 400.271716342518 515.1111035272369 419.5679053230244 bolt 0
249.89853712484174 435.514358418841 222.1110933533442 424.5679444724447 246.41606287515822 362.86984158115894 274.20350664665574 373.81625552755526 bolt 0
275.6140190436687 446.47756359027863 285.11110217534826 459.5679571195033 256.96958095633136 479.9846364097214 247.47249782465178 466.89424288049673 bolt 0
