425.68790080555544 321.2371133709757 430.2502210631969 356.2385239156483 263.69169919444454 377.94888662902434 259.1293789368031 342.94747608435176 bolt 0
186.21609894480986 430.81008708524064 160.9798431533174 421.8580413622584 193.08050105519015 331.36471291475937 218.3167568466826 340.3167586377416 bolt 0
142.79435324247737 238.25961684831034 126.77267255749128 232.5758022816356 148.83924675752263 170.37398315168966 164.86092744250874 176.0577977183644 bolt 0
50.24236891521983 248.15948059384988 37.9238340568524 233.35663414652134 82.19263108478017 196.51731940615014 94.5111659431476 211.32016585347867 bolt 0
231.3640219547152 193.11396993089406 227.18780663316772 169.59801992248336 316.14057804528477 153.80083006910596 320.31679336683226 177.31678007751665 bolt 0
259.31677920367366 152.31675736943032 241.37845679637115 148.07070682667052 252.56102079632637 100.82764263056967 270.4993432036288 105.07369317332946 bolt 0
340.34660621041877 76.21167031407575 331.7703823503868 96.42395065431987 244.31679378958125 59.31672968592426 252.89301764961323 39.10444934568014 bolt 0
412.44946094441786 181.2564862774973 414.3309604100724 155.32465333493917 470.18413905558214 159.3771137225027 468.3026395899276 185.30894666506083 bolt 0
445.80994972043857 215.79639301909495 445.3167027201516 239.31672162323454 395.0706502795614 238.26300698090503 395.56389727984833 214.74267837676544 bolt 0
466.4342857184427 316.9494850826004 445.35828081695394 325.7008487410494 427.24071428155725 282.0681149173996 448.316719183046 273.3167512589506 bolt 0
458.55611566917275 473.82068523918736 445.4396012246575 429.8600562705657 512.8108843308272 409.75851476081266 525.9273987753425 453.71914372943434 bolt 0
299.04434053701357 283.985246862085 293.8176054706503 305.36420180628295 246.09005946298646 293.69575313791506 251.31679452934975 272.3167981937171 bolt 0
357.25117570357264 86.0482074837901 343.6514581346534 70.75225251864882 373.7170242964274 44.020792516209895 387.3167418653466 59.31674748135117 bolt 0
