291.3851831609581 440.937384003344 266.4118904535199 442.09265511811117 261.83701683904195 343.198415996656 286.81030954648014 342.04314488188885 bolt 0
161.4444218739876 280.13776999404075 178.1110578136524 294.56785373269855 136.5883781260124 342.52623000595923 119.92174218634761 328.09614626730144 bolt 0
277.9906983496895 196.79820972433507 275.11110386543993 218.56788570024887 173.8883016503105 205.17859027566496 176.7678961345601 183.40891429975116 bolt 0
406.56573176576677 129.00312767212958 370.0197386361994 111.91191907900736 400.1110682342332 47.56787232787042 436.65706136380055 64.65908092099264 bolt 0
399.05176745330425 160.44145556232752 399.1698985536233 188.44120636556033 339.1704325466958 188.6943444376725 339.05230144637676 160.69459363443968 bolt 0
181.2345573873326 151.58972294558794 165.7950621340004 119.74197017192535 324.6716426126675 42.720077054412066 340.11113786599964 74.56782982807465 bolt 0
340.302984855396 102.94720378567995 351.1111033456521 122.5678932501352 309.65921514460405 145.40179621432006 298.85109665434794 125.7811067498648 bolt 0
204.1110867364321 289.56787203331754 192.80437715976925 270.38582606556423 273.1045132635679 223.05352796668242 284.4112228402308 242.23557393443573 bolt 0
421.27245273935876 256.60081944585056 420.1110994607569 276.5678737905024 372.0965472606413 273.7751805541494 373.2579005392431 253.80812620949757 bolt 0
340.3878376529897 251.326708826349 327.25708793983256 238.21404511601068 352.9803623470103 212.45529117365098 366.11111206016744 225.5679548839893 bolt 0
521.7727586715639 312.00537835914025 508.1111427857626 329.56785402599377 452.2186413284361 286.0898216408597 465.8802572142374 268.5273459740062 bolt 0
311.1110786887103 381.56793520342103 301.1605192918161 367.5315881341554 342.7347213112898 338.0590647965789 352.68528070818394 352.09541186584454 bolt 0
489.42198399905726 384.86451822775416 483.9830733388369 406.0824136474263 437.07381600094277 394.0578817722459 442.51272666116313 372.83998635257376 bolt 0
