408.72050057057317 83.5762226511052 390.7211611553034 83.7304322938557 390.2670994294269 30.732377348894804 408.26643884469667 30.578167706144303 bolt 0
468.0913240154908 53.115552769988 491.75731876887147 49.12547854349086 502.89627598450926 115.19304723001201 479.2302812311286 119.18312145650916 bolt 0
307.7961306922257 210.87032579580466 298.192702686496 175.70102486233765 371.33466930777433 155.72867420419533 380.93809731350404 190.89797513766234 bolt 0
275.1903244057808 274.0680960484307 254.49378710807642 281.65437323126093 221.19667559421916 190.8147039515693 241.89321289192358 183.22842676873904 bolt 0
69.75525818571522 94.43090283970758 81.33728040880338 78.12578826716037 161.23234181428478 134.87769716029243 149.6503195911966 151.18281173283964 bolt 0
91.32163701602619 216.15874904037395 113.20978234645548 212.45556464933884 121.7269629839738 262.7974509596261 99.83881765354451 266.5006353506612 bolt 0
176.38715869710208 253.6398640436907 210.58754724536405 248.68533905052396 238.1502413028979 438.9467359563093 203.94985275463594 443.901260949476 bolt 0
373.49388114822307 325.65433734282976 352.3099298067049 345.4494340033715 281.944318851777 270.14686265717023 303.1282701932952 250.3517659966285 bolt 0
369.91266225947703 431.32120704910074 361.4937906212685 450.65437847102135 311.52993774052294 428.8969929508993 319.9488093787315 409.5638215289787 bolt 0
367.4937622128312 264.6543548483542 377.12971843247436 247.15667077350818 429.9930377871688 276.26844515164584 420.35708156752565 293.76612922649184 bolt 0
475.51738890372775 310.96959659613435 507.54803733020924 304.8388031899641 518.8912110962723 364.1018034038657 486.8605626697908 370.23259681003594 bolt 0
501.8591137553298 251.69739746682268 522.0089711362517 243.15275678283223 541.4742862446702 289.05560253317736 521.3244288637483 297.6002432171678 bolt 0
528.6601704596392 244.95108795632825 537.5880223354075 228.23912072549814 572.8282295403608 247.06511204367177 563.9003776645925 263.7770792745019 bolt 0
