255.80846839204813 168.2961137576184 241.20229118676875 171.71072756418243 231.41373160795186 129.83968624238162 246.01990881323124 126.42507243581758 bolt 0
216.11110557030457 82.56791633225842 202.0425994373021 77.77045542197772 215.07049442969543 39.566283667741594 229.1390005626979 44.3637445780223 bolt 0
207.9362033499894 186.6865506769667 200.11106233305185 201.56788882093218 147.57139665001063 173.9406493230333 155.39653766694818 159.05931117906783 bolt 0
118.52195685467406 284.65530681331694 100.97609005726297 280.92366304447904 110.56524314532594 235.836293186683 128.11110994273702 239.5679369555209 bolt 0
246.0623215058864 220.21918349494985 257.85244208146185 238.6416206207319 186.0056784941136 284.6226165050502 174.21555791853817 266.2001793792681 bolt 0
343.97656473798554 146.94090802879637 322.28559396215644 139.29226195238982 339.2456352620145 91.19489197120363 360.9366060378436 98.84353804761018 bolt 0
436.1111041905752 243.56785224328337 407.1006418137512 233.3916120273252 427.6084958094248 174.92774775671666 456.6189581862488 185.10398797267482 bolt 0
236.15422669228468 322.5352193281042 245.03647254109347 339.6964321535812 204.44897330771533 360.7035806718958 195.56672745890654 343.54236784641876 bolt 0
411.44758817863226 100.58289018904458 422.18979723811947 83.92144216787094 453.5808118213678 104.16030981095543 442.83860276188057 120.82175783212907 bolt 0
307.70503960895974 225.25429861257734 324.11110210527283 211.56791276908064 376.02556039104024 273.7985013874226 359.61949789472715 287.4848872309193 bolt 0
321.9650244056523 298.7134318653282 319.11110661802076 319.5679600180206 270.3931755943477 312.90096813467187 273.24709338197925 292.04643998197946 bolt 0
388.5670503721966 387.7148448966431 392.3512742513541 362.2343180254731 478.8953496278034 375.08735510335686 475.1111257486459 400.56788197452687 bolt 0
363.79232987024716 382.1351260330503 371.1079996083656 408.22028976346957 220.11107012975285 450.56787396694966 212.7954003916344 424.4827102365304 bolt 0
