294.31674234227927 47.31677643644715 296.7285154904859 24.117904448964886 349.9362576577208 29.649423563552844 347.52448450951414 52.848295551035115 bolt 0
251.62365853962146 107.61319112356406 242.3167906683963 126.3167856408636 191.05174146037857 100.80740887643594 200.35860933160373 82.10381435913641 bolt 0
164.3168217490047 103.31672616272097 177.30152052412694 142.97651685063735 97.88737825099531 168.97687383727904 84.90267947587307 129.31708314936267 bolt 0
101.57109381321442 246.17542032902603 90.2022703271794 217.95960319477703 152.9189061867856 192.68957967097398 164.2877296728206 220.90539680522298 bolt 0
219.43228930636283 303.4236261504316 231.41788142473993 328.2346122263999 167.91491069363715 358.91137384956846 155.92931857526006 334.1003877736001 bolt 0
477.0145727678449 370.8864264129586 461.3168043142323 403.31676026287084 281.18802723215504 316.1261735870414 296.8857956857677 283.6958397371292 bolt 0
420.47014318647246 197.90427672512052 449.84764690600787 188.33320455431945 483.65305681352754 292.09572327487945 454.27555309399213 301.6667954456806 bolt 0
212.52640515898392 233.62992058942285 207.31675906947257 211.3167203592443 264.27899484101613 198.01727941057715 269.4886409305275 220.3304796407557 bolt 0
337.3672504687885 134.67432447798566 348.64447527096047 109.91139131627651 442.7107495312115 152.74987552201432 431.4335247290395 177.51280868372348 bolt 0
509.35576914700977 210.49523595252117 488.40910928682473 211.99104366132332 484.27783085299023 154.13836404747883 505.22449071317527 152.64255633867668 bolt 0
614.4267756830628 272.0423846614529 604.3167963696152 291.3168118457212 536.2068243169371 255.59121533854707 546.3168036303847 236.3167881542788 bolt 0
222.09136714621584 370.81999452878574 240.72498450099042 386.2675432367797 211.99243285378415 420.9262054712143 193.35881549900958 405.47865676322033 bolt 0
273.24106295004907 267.0808750850475 277.01724784140305 242.07944207279184 390.2695370499509 259.18492491495243 386.4933521585969 284.1863579272082 bolt 0
