513.6666731041446 129.87650118233415 491.92788858585186 137.32362738424825 475.6721268958554 89.87169881766583 497.41091141414813 82.42457261575173 bolt 0
424.66668308295016 127.8764768715805 406.7329278605737 141.7974326905566 368.3639169170499 92.3683231284195 386.29767213942637 78.44736730944341 bolt 0
98.66671007822274 73.87657991683398 94.31771710561688 48.3525374130646 176.17388992177726 34.405220083166036 180.52288289438312 59.92926258693541 bolt 0
286.3965580772412 195.3894761212557 263.1019067807975 186.3142779979588 305.9368419227588 76.36352387874427 329.2314932192025 85.43872200204117 bolt 0
273.7869119905497 106.88246479420101 257.10029685791085 92.06202162183979 309.66668800945035 32.87653520579896 326.3533031420892 47.69697837816019 bolt 0
123.19269153629367 251.88592881000005 156.92589229963937 269.9163313709474 121.14070846370636 336.86707119 87.40750770036067 318.83666862905267 bolt 0
192.5053475703797 193.3348020925684 175.10030441043423 174.1535327547369 217.4234524296203 135.74959790743162 234.8284955895658 154.93086724526313 bolt 0
435.5338341088659 223.39940732421007 443.6667002857656 246.87652883768868 386.4983658911341 266.6805926757899 378.3654997142344 243.2034711623113 bolt 0
240.1339359290966 241.5268742673949 254.6667293057733 259.8765056784294 201.7440640709034 301.7909257326051 187.2112706942267 283.44129432157064 bolt 0
212.65260205427592 391.1224915636934 222.66668120378426 414.8765319936367 102.07999794572407 465.71270843630657 92.06591879621573 441.95866800636327 bolt 0
582.2256157204029 416.5158396425493 575.6666981212114 457.8765166942734 352.09958427959714 422.4235603574507 358.65850187878857 381.0628833057266 bolt 0
391.17017730117027 266.05477718592005 379.666670992651 297.8765534790477 261.56162269882975 255.18182281407988 273.065129007349 223.36004652095224 bolt 0
511.6667196219173 255.87653340135444 531.227155191972 297.4591442207792 453.99508037808266 333.7890665986456 434.434644808028 292.20645577922085 bolt 0
